4.605170186	4.376412756	16.29351117	3.143002192	4.113199151	6.100959362	1.236090592	0.138951562
4.592040388	4.382325927	16.30544447	3.219808723	4.124101985	6.31567369	1.248641562	0.148615321
4.584754234	4.397690771	16.31139387	2.956124819	4.170286831	6.300407101	1.247363383	0.135510976
4.57467216	4.402194171	16.31805919	3.259505801	4.170031486	6.588060859	1.258015316	0.135195522
4.574130757	4.411586117	16.32223841	3.2429829	4.119913626	6.474836088	1.256617866	0.12651683
4.591750688	4.407082328	16.32557405	3.17819271	4.131966021	6.592109111	1.261014545	0.124182001
4.610105927	4.406401319	16.32632148	3.273995124	4.078120193	6.454063782	1.248364739	0.107979407
4.623759865	4.400919841	16.32989927	3.321071337	3.92096653	6.383887992	1.233977624	0.07484538
4.638670828	4.40068341	16.33691931	3.062144039	3.958689925	6.127523992	1.239283048	0.054114667
4.645282773	4.407061981	16.34572296	3.079767002	4.056634636	6.215888528	1.245652031	0.046784742
4.658641784	4.413137799	16.35278679	3.559529782	4.112714792	6.65917372	1.284183849	0.041141724
4.672193572	4.415964536	16.35736935	3.41914644	4.121929193	6.557717248	1.258024612	0.047009498
4.680907607	4.434069147	16.36136499	3.404192891	4.207400004	6.304209016	1.245871248	0.046633265
4.694444547	4.428497624	16.36718629	3.069447311	4.122551068	6.072300984	1.245730133	0.047647944
4.698573556	4.432709328	16.37975374	2.961140829	4.155091779	6.040594789	1.245791974	0.04300465
4.701012546	4.440498635	16.3921965	2.857427602	4.213660228	5.75387286	1.244863825	0.039418111
4.713931204	4.46125493	16.40165022	2.809201872	4.301735963	5.832273408	1.241685692	0.036562638
4.734889952	4.470181641	16.40982791	2.788503081	4.370582988	6.057712915	1.24501466	0.037772395
4.744194366	4.472182337	16.41834622	2.735665368	4.421592604	5.954541193	1.209091952	0.040541349
4.763861753	4.47471725	16.42540444	2.615203651	4.443903734	5.71160129	1.188351423	0.044731605
4.779256052	4.479850199	16.43447541	2.546315278	4.510150761	5.57675603	1.179867448	0.044754835
4.790099815	4.484934188	16.44440604	2.59773918	4.571675481	5.578845001	1.178414674	0.045868489
4.80827394	4.483238852	16.45487337	2.502255288	4.674356912	5.355922729	1.190506171	0.046434273
4.828428458	4.489549312	16.46464234	2.548142239	4.655814254	5.376112911	1.22934179	0.04722633
4.852972317	4.504561971	16.47689348	2.49044683	4.725140489	5.366804734	1.203819532	0.048562077
4.866528582	4.503029326	16.48555292	2.667691062	4.832987398	5.332335314	1.181409441	0.049468877
4.877061245	4.502989609	16.49268284	2.611539301	4.843093857	5.188803617	1.175493717	0.052467117
4.893413136	4.500859952	16.50534689	2.400618833	4.771656388	4.957189146	1.164970699	0.051336792
4.916272934	4.507027823	16.51642188	2.521988325	4.770430781	4.847610228	1.157814628	0.052485418
4.937001732	4.518400889	16.52646442	2.619340413	4.872754185	4.704512629	1.152453169	0.052669777
4.967411909	4.530619534	16.53421301	3.068052935	4.922923999	5.021371109	1.143115499	0.053002517
4.995872334	4.539385032	16.54461568	3.096331472	5.038011657	5.087795439	1.09217914	0.05459112
5.01606625	4.560996936	16.54973126	3.262956504	5.146809506	5.339779156	1.031581776	0.056360609
5.040127877	4.573892613	16.55243616	3.028038108	5.314412915	5.109443138	1.06109721	0.059761735
5.053411796	4.590975436	16.54905075	3.222336496	5.285293825	5.377951337	1.087122288	0.061542444
5.051385781	4.603769235	16.53335463	4.073177671	4.765804151	6.22264027	1.133056656	0.06052824
5.046907894	4.607674039	16.51386546	3.807032792	4.607770975	6.061074714	1.157074146	0.06117979
5.043526307	4.604032439	16.5196155	3.498324092	4.751862901	5.712159984	1.092477371	0.049780574
5.055224314	4.602949141	16.52897138	3.237763001	4.851994912	5.508185691	1.068452422	0.021808957
5.07767719	4.606219395	16.54041557	3.139399623	4.933208318	5.240124262	1.055500272	0.017019617
5.100786712	4.615198266	16.55063737	3.011441567	4.981891936	5.180862146	1.041689141	0.014960758
5.130088576	4.620332928	16.56312585	3.274247458	5.00678956	5.215108276	1.043296294	0.015693235
5.146765762	4.626327298	16.5730621	3.189652966	4.995416457	5.134326766	1.025169596	0.028673874
5.162575135	4.626771195	16.58296206	2.962520139	5.115128053	5.042684494	1.035148745	0.0304
5.178770253	4.641484005	16.58808412	2.917230045	5.251300212	5.010097515	1.02044391	0.0378
5.18936269	4.64902391	16.59491608	2.858384082	5.308233163	5.250859648	1.017525606	0.0428
5.202306848	4.662913088	16.60212235	3.409927281	5.261949127	5.315896322	1.006461003	0.0433
5.218954485	4.673067021	16.6083481	3.399179474	5.217621318	5.393172898	0.990795868	0.0412
5.232717573	4.682928085	16.61551713	2.905399685	5.275216147	5.266610291	0.982217494	0.0414
5.246287216	4.68825492	16.61869754	2.994978165	5.21638753	5.180445041	0.981909919	0.0412
5.264309446	4.699641623	16.6231332	2.783897062	5.212902509	4.939372274	0.954860592	0.0411
5.270551264	4.69921583	16.62662943	2.818046147	5.205061361	4.751864565	0.94315623	0.04
5.289929028	4.708516147	16.63380926	2.605386531	5.232961055	4.831375711	0.952845952	0.0396
5.306868798	4.715585372	16.64153986	2.702085986	5.188577404	4.993722238	1.011492453	0.0392
5.317547553	4.727556751	16.6499133	2.659712662	5.218903677	5.20726374	1.02492588	0.0394
5.332915571	4.727411385	16.65731195	2.651461203	5.204248076	5.177815474	1.026486539	0.0387
5.33208207	4.741737439	16.66310315	2.697946419	5.204516765	5.166938223	1.03204561	0.0385
5.333872515	4.749500235	16.66917499	2.54460959	5.218620821	5.007243304	1.025717256	0.0382
5.339140598	4.754571175	16.67745201	2.571464882	5.164645282	5.018727464	1.050919628	0.0372
5.341951168	4.759143176	16.68492033	2.767662573	4.980881285	5.154617352	1.08534745	0.0364
5.353206025	4.771492332	16.69212712	2.810134111	4.767149793	5.24512408	1.130949908	0.0356
5.36445193	4.784335484	16.69802042	2.619165734	4.807541497	5.155276617	1.151167089	0.0343
5.370414895	4.792873726	16.70432817	2.964550561	4.677490602	5.359162552	1.170006987	0.0354
5.38694618	4.802182823	16.70863717	2.83370342	4.577008601	5.427150238	1.218267762	0.0378
5.395326736	4.813603868	16.71441427	3.029875787	4.458608159	5.537021757	1.227705607	0.0414
5.401377023	4.817205484	16.72100634	2.749999641	4.616991605	5.350277105	1.200041276	0.045
5.413275119	4.823661589	16.7275358	2.583066301	4.629299664	5.166688924	1.217998976	0.047
5.416194982	4.834019437	16.73553188	2.643295501	4.698660529	5.149430586	1.223394874	0.048
5.420942431	4.852582768	16.7423215	2.457788145	4.759606539	5.023681139	1.182062784	0.047
5.429710108	4.844163275	16.75114052	2.442701317	4.717605615	4.909860755	1.184897013	0.046
